34
85
68
10
57
87
84
45
48
01
38
10
76
33
37
39
84
47
71
31
04
28
94
18
58
55
92
49
16
58
18
99
94
32
89
66
75
05
79
86
95
77
62
71
58
33
99
56
66
65
98
12
29
32
88
20
16
80
15
63
65
36
48
18
60
83
02
48
73
61
32
68
87
04
67
30
49
55
51
55
11
67
96
03
08
46
09
66
53
96
06
37
15
62
10
34
85
99
69
02
08
21
15
07
60
91
55
24
89
35
07
53
34
12
14
49
52
97
26
03
38
05
09
70
84
86
61
28
20
39
03
26
25
10
71
83
90
79
65
91
40
11
40
29
70
65
77
43
15
99
42
48
69
33
18
91
14
42
23
84
48
98
48
52
73
38
98
12
53
08
54
24
34
80
21
95
66
48
17
98
40
80
01
64
41
70
02
72
72
66
99
90
10
94
06
72
77
41
90
71
76
84
14
53
67
72
92
88
03
73
08
38
98
26
61
90
18
96
22
22
28
93
67
56
04
59
45
89
59
13
91
86
38
44
30
58
34
55
93
04
46
34
68
26
61
54
49
30
86
60
03
27
42
24
47
17
70
32
42
06
00
33
25
43
33
00
49
06
64
51
64
85
93
09
20
58
02
10
13
11
52
19
39
17
18
08
27
65
80
55
25
93
41
30
55
44
88
36
44
59
98
35
37
51
58
80
16
84
68
99
29
96
63
48
55
64
27
01
84
95
17
69
60
06
05
41
55
75
18
20
99
91
82
85
85
55
75
19
54
86
40
97
97
78
44
30
14
94
65
21
83
90
17
00
60
05
35
99
86
57
24
70
53
75
79
65
24
16
23
54
32
08
09
71
35
73
95
61
47
76
29
35
56
18
74
33
16
80
12
17
36
90
87
28
12
28
69
79
32
13
03
36
88
82
33
30
14
87
69
71
11
74
66
73
42
29
87
25
72
83
91
77
96
89
33
04
24
78
52
83
20
50
75
45
53
52
62
17
62
61
88
16
25
71
03
91
39
57
52
44
13
92
02
63
78
19
93
07
54
66
28
55
31
83
38
21
84
75
26
04
18
74
86
97
42
68
94
63
98
75
01
90
41
88
94
11
01
67
90
68
70
46
06
25
30
66
80
73
95
12
33
62
67
02
79
43
46
57
60
48
38
12
25
71
99
55
76
42
81
03
67
35
36
53
71
80
21
15
21
09
29
33
75
57
82
84
64
60
04
65
73
97
14
50
27
73
55
82
94
80
10
16
76
38
82
30
62
25
11
37
25
09
50
02
14
75
40
02
84
88
63
02
70
04
87
67
14
74
45
24
54
46
57
00
43
76
46
05
69
82
90
01
24
26
49
35
31
36
79
27
99
67
43
87
45
82
93
93
32
91
80
07
67
82
49
74
76
52
96
80
91
64
36
09
91
37
86
70
83
64
18
00
36
43
23
74
25
60
55
34
16
23
46
00
92
21
81
35
99
98
27
69
71
61
42
51
93
26
84
07
20
81
96
22
50
72
71
13
38
55
09
66
69
34
17
84
51
01
75
88
26
75
11
77
92
19
76
59
76
74
28
84
54
37
02
96
20
14
05
33
10
49
95
12
45
98
79
82
23
61
54
65
61
97
75
92
97
24
85
80
00
95
98
14
56
66
00
82
42
30
41
32
98
84
55
37
57
72
24
74
23
79
78
42
32
51
17
33
14
69
38
06
07
42
52
11
88
52
38
34
52
83
86
09
38
66
89
40
15
14
71
44
11
14
75
32
09
24
65
44
02
08
89
06
28
88
81
36
88
52
46
67
79
04
69
27
85
11
05
18
40
07
60
87
18
79
10
58
54
14
56
72
05
07
35
77
04
20
08
71
73
19
66
49
70
95
74
35
12
58
93
54
87
13
01
34
07
57
25
09
55
94
08
48
77
81
55
77
72
99
53
61
62
27
88
54
35
53
84
53
25
18
86
58
34
07
76
83
79
41
74
42
50
39
54
41
16
04
91
31
93
21
16
97
12
05
12
49
05
38
99
16
62
41
31
64
38
67
19
91
16
05
32
15
42
72
60
97
64
17
73
94
97
15
26
30
94
11
67
16
82
59
42
65
33
31
62
25
06
69
32
39
12
53
17
19
43
47
43
38
11
51
88
36
14
94
15
70
89
77
73
67
30
62
51
60
53
40
74
00
79
30
06
95
53
99
12
74
84
40
05
06
24
87
23
11
98
23
70
61
24
99
95
24
06
68
00
24
33
29
19
25
16
02
05
19
21
74
97
95
91
57
03
99
23
44
04
84
80
66
90
87
14
88
44
13
08
01
66
72
96
04
54
46
23
92
66
46
14
97
14
90
17
89
67
46
51
02
74
59
10
51
32
01
19
05
86
62
46
17
78
89
28
64
45
57
13
61
55
16
00
12
28
37
32
64
57
88
23
19
35
57
46
11
86
73
66
06
68
41
11
81
04
52
46
58
08
31
10
10
96
50
25
21
81
86
94
83
48
76
68
11
75
65
62
33
46
48
22
01
88
63
59
74
82
41
71
77
49
12
72
15
22
12
63
82
76
55
32
40
17
77
54
50
57
23
78
99
08
60
76
05
31
27
92
84
35
47
65
40
14
23
85
94
70
73
50
80
33
34
65
66
16
09
88
12
93
38
04
09
32
15
93
69
63
32
18
93
51
40
13
09
59
34
28
77
34
89
28
80
33
58
53
99
69
03
76
20
63
23
25
03
58
09
31
33
59
94
08
45
28
55
58
64
32
69
82
98
60
68
61
43
68
53
88
48
44
11
65
41
57
99
80
05
58
87
86
16
62
85
92
62
84
40
38
39
09
05
24
50
92
27
74
26
13
68
48
39
14
05
14
38
61
15
60
09
72
63
90
23
57
11
59
94
86
77
56
70
10
26
50
00
37
35
70
56
40
45
36
45
58
41
88
54
75
31
21
02
84
11
25
00
76
14
15
86
85
84
41
95
37
98
40
92
21
94
25
44
57
32
74
10
83
40
76
46
38
63
16
68
18
69
54
82
72
62
77
74
40
01
53
34
72
84
04
49
94
52
08
79
45
19
28
33
75
89
92
86
14
36
96
76
60
67
14
85
23
95
48
17
67
50
96
20
82
61
45
41
28
68
40
56
30
02
10
68
23
14
04
93
62
64
70
75
83
05
35
39
43
03
93
76
93
49
18
69
51
11
65
97
10
97
57
48
21
06
83
16
35
59
96
74
41
06
61
94
28
03
24
95
97
48
84
78
10
01
86
42
58
18
19
49
29
42
92
02
41
91
45
74
16
94
48
56
94
74
87
84
00
68
39
85
50
69
36
60
66
89
13
65
06
63
12
63
77
98
08
52
43
32
37
99
22
26
89
68
83
43
29
75
43
25
66
39
02
64
27
37
07
31
20
54
21
33
09
17
23
28
94
67
01
23
38
09
20
49
79
80
98
84
87
00
91
11
20
01
86
12
85
85
92
65
83
76
53
21
55
89
21
77
56
20
53
56
03
22
15
43
72
71
58
17
80
56
91
51
42
58
30
96
83
37
89
98
65
00
00
27
87
37
62
27
14
75
13
09
08
97
23
36
93
79
64
78
56
22
19
52
02
45
62
37
95
12
97
70
77
98
93
29
35
89
66
64
97
41
58
00
45
92
85
54
83
15
96
45
32
53
83
36
55
23
51
99
98
81
64
14
51
58
42
27
40
46
25
99
52
75
37
18
26
35
03
81
96
67
74
56
09
42
93
27
68
44
43
29
35
15
57
76
44
21
09
22
10
86
42
20
20
67
34
75
12
74
44
27
52
69
01
84
26
53
17
71
28
03
60
74
61
98
14
43
99
52
05
15
04
91
26
82
95
28
77
80
02
05
99
52
77
66
14
61
45
24
50
44
63
85
46
61
92
12
00
05
81
72
47
18
09
53
74
29
17
05
58
18
99
78
33
54
53
49
62
59
11
54
91
98
68
48
35
68
59
42
92
58
26
17
41
71
01
02
22
34
11
18
75
42
57
39
26
47
48
95
68
06
21
53
68
67
15
25
62
55
01
57
05
86
11
94
94
28
04
50
67
17
61
95
69
49
