34
485
1868
6410
5257
0487
05584
27745
57248
18101
45338
77710
11176
90633
81737
27339
61784
614347
71
131
7804
1428
0094
2518
06858
64255
31492
53949
42316
24958
99618
45099
19394
07332
83889
476066
75
705
1179
3686
8595
6077
42962
62871
31558
41033
76399
40056
46066
52365
96098
73512
74729
552532
88
420
6216
0480
4015
7163
60065
25436
60748
22918
31660
07983
49102
49048
34373
32461
30332
917768
87
704
7167
8230
3449
3855
91151
86655
48911
39667
96196
73003
82608
36546
75009
60266
81353
391596
06
137
6515
1062
0210
3934
86385
26099
40669
17402
34308
34421
92315
65407
98060
88191
77455
610924
89
835
6607
7553
4734
7112
51614
92149
49552
71897
46626
86003
45838
87705
47509
89270
86484
217286
61
228
8220
3939
2203
6926
67325
28510
33171
61383
56590
85479
01965
29491
40040
90811
67840
151529
70
765
0477
3943
3715
8199
00842
04648
45869
96133
90218
03791
94114
25342
13723
24684
94348
968198
48
552
8373
7538
8698
1312
95653
99808
13254
71824
55834
63180
89121
89495
34866
39548
00417
097198
40
380
4301
8964
9641
0670
52002
85872
74772
66566
03799
49290
17310
29894
42406
50672
51677
143441
90
671
8276
5584
4914
6553
98967
60372
49992
07288
49203
30273
25908
61738
75498
97226
59861
602590
18
996
1522
6222
3828
4693
88367
57656
51004
42359
96545
66789
26159
57913
85791
37286
69738
163844
30
658
2034
7355
1293
7104
49746
24634
40668
03226
59461
06454
87349
72230
44186
40560
27003
666427
42
124
5047
2017
7670
2932
08342
89006
57300
40233
76025
66643
14433
24500
71049
66806
69764
749551
64
085
5893
4109
7820
5358
87202
43010
03813
15311
82052
49319
70039
55917
98118
67308
96427
599965
80
155
4925
8393
1141
1030
94355
59044
70388
20136
63744
44559
88898
53935
65937
07051
70258
703980
16
684
3168
3299
3529
5296
63463
21548
53555
51364
01727
70001
84684
53095
17717
64269
71060
346206
05
641
8255
3975
2818
8020
88999
02291
49582
73185
79485
64155
62375
04619
75254
20486
12640
171897
97
678
8344
5130
7014
3294
04965
38221
48183
23290
16817
46500
76660
09605
34135
24099
38786
126157
24
770
0953
6075
6179
4265
25524
73216
82623
33254
25532
71008
79609
86271
55635
53873
58895
470661
47
276
7829
7335
9656
2318
46774
05233
74816
52280
41612
96517
96936
51290
26187
26428
44812
971528
69
179
6832
0113
1503
3336
53888
92582
44033
40130
80214
73487
72369
99571
83211
09474
19966
998773
42
329
3987
3225
2572
9083
47291
49777
95096
18189
63633
20104
70024
14278
40452
02883
86420
250350
75
145
6853
5252
3262
6217
88962
34961
41788
59716
46725
24271
19003
32091
16939
68457
50552
080644
13
292
7902
1463
0978
1519
48693
94107
65554
31566
81928
51655
12731
37883
74138
38321
78184
347375
26
104
4518
6874
7186
8497
03042
22668
16094
01263
48298
54275
25001
68590
59141
13088
55594
721311
01
267
1690
5268
6770
3446
37306
50525
52430
38566
58780
89273
72795
47112
79833
46162
23367
832802
79
943
8846
7657
4660
6348
70338
73412
53525
60771
57199
58455
99176
49342
93981
05603
60467
617635
36
053
5871
5380
0721
1915
66921
69409
55529
75133
66775
24557
66882
04284
85164
46360
92704
181065
73
497
4114
2250
9927
0273
35455
45582
45594
13780
78510
15216
09076
20238
20582
02730
94862
008625
11
337
6925
3909
7650
4602
37414
16675
16740
31802
75884
65188
75963
55202
09370
66004
74187
400167
14
774
0345
9324
3354
8646
79057
56300
60143
55476
04146
81005
18769
31982
49990
85301
04724
456826
49
735
8931
8636
3779
6727
97099
56067
24843
66487
53745
87082
60293
80093
27232
67991
88580
108707
67
382
9249
1774
4076
2952
59096
26580
73491
96764
93136
31109
99991
65937
00386
70370
72283
001064
18
400
0136
9843
5123
4374
41725
40760
26455
35134
52916
29423
47646
45500
32892
64321
72981
717635
99
298
3627
3169
8371
1361
95242
69051
57193
90126
74484
24407
52320
12381
66696
70522
51450
499172
71
413
1338
6055
4609
2766
46269
20634
79917
29884
86351
94401
34775
84488
35126
98675
91211
907577
92
419
3576
1859
2676
5274
61128
63484
14454
37137
78402
16696
07920
81714
08105
33133
70910
006149
95
012
3045
5798
9779
7082
09123
59561
77354
80165
02861
75497
20975
48892
55497
26624
14885
488480
00
695
3698
6014
2156
2166
84000
95682
96242
33430
09841
13032
01898
59784
97055
20137
30357
347672
24
974
8023
8679
8278
6142
90432
92251
09317
66133
80214
89969
33738
18706
14307
90342
65452
723711
88
252
4538
4334
7652
9283
31186
81609
92938
34666
74989
72240
70515
84614
30371
25344
92711
577014
75
932
8609
0024
6065
4544
95102
29908
15289
72106
75028
76388
10681
35336
84088
44252
01146
028667
79
404
4769
5727
9285
7811
60405
58418
90140
87507
18460
69487
39718
01479
31610
34458
98254
245914
56
272
2005
1907
6335
5077
35104
04920
82208
39171
92473
88419
66866
13649
37270
23195
57874
027935
12
658
0793
2354
0087
4013
51101
54534
36307
82657
64325
00509
09855
55194
06608
14648
04577
318181
55
177
2572
4499
4053
1961
66062
29327
74288
15854
22935
86253
61684
85053
15425
68518
15386
902358
34
007
2276
9783
6379
1441
64674
81642
88950
98239
24554
69941
93516
33204
12791
35731
08193
850221
16
397
9912
6705
9612
4449
38005
08938
61899
10916
07762
91241
33231
18664
74938
30167
53219
200391
16
605
5232
5715
1242
6172
88760
22297
02264
28017
96473
38994
00797
96915
61126
99830
17094
237611
67
216
1582
3759
0042
4665
68733
31531
29362
33825
34706
66869
24632
70139
09212
79653
07417
025319
43
247
8643
0338
5811
8851
47688
93836
40714
86494
43215
15270
38489
85277
72073
95667
51830
430062
51
060
8153
4240
6374
1800
49979
84430
70206
73295
74253
93099
85912
14574
40384
66440
57305
231706
24
587
5123
9811
7398
1923
30770
68261
99324
95099
07795
08524
93706
93768
79400
72124
12833
365329
19
325
5116
8602
3405
8919
85321
20574
74197
02595
18091
93057
68803
59399
51223
32644
79504
049184
80
266
5390
7387
9914
4888
49144
05313
01408
44501
61066
37072
36696
25304
79854
62946
56723
236092
66
246
0514
8697
1514
4290
88417
18689
95767
27946
54551
62402
59674
28659
62610
80851
21032
153601
19
305
5986
7862
3646
8417
85378
83489
85028
92064
98945
19057
20813
27061
09955
43816
55500
814312
28
137
7732
8464
3357
2288
99723
71819
76235
31957
48046
07711
35486
77073
05366
18306
99768
456041
11
981
6004
1352
5046
8458
63808
39031
65310
53210
54296
55450
74425
66721
46981
87686
21794
566283
48
376
0168
3011
2775
9765
60762
95933
97946
58848
69822
76201
19688
20663
97059
14474
36382
958841
71
977
0049
0812
1172
0515
04822
27312
56263
37482
23876
19155
12032
61940
04817
11077
53454
511050
57
723
4878
8599
5608
1860
17076
29605
85131
51827
78092
54184
44435
45847
52765
58840
01014
959823
85
394
8770
5573
1150
4580
08933
72134
15665
96966
21116
02109
31888
09112
41393
66438
12204
180309
32
315
7993
5269
0663
6432
70818
22693
87651
93340
12713
25409
57359
73534
64628
11277
41334
049989
28
980
0533
9258
7453
5099
82969
67303
14776
18120
55063
98823
19425
80703
20258
33209
37231
285333
59
894
2208
0145
3828
6555
45358
49864
34732
66669
26782
94598
07560
48968
51661
40043
17468
084653
88
748
3144
2011
8465
9441
92357
78499
95280
56705
31258
60987
90686
69816
62962
00585
39292
695662
84
740
9038
1939
1609
6505
21724
51850
41392
99727
50874
66726
38113
91968
15748
80839
41714
982705
14
738
7561
0715
1460
2209
44172
51863
10390
63423
98357
64711
32659
43694
25686
06177
83056
418470
10
626
4450
9600
2537
1835
53970
01756
92440
12645
43836
23845
53258
28341
88788
00454
22175
830331
21
102
6784
3411
6825
9600
43776
97114
43215
67286
37885
37084
92841
19195
96437
94698
04240
654092
21
794
7225
2644
4557
2732
37474
62310
13583
55740
07976
97646
75938
09663
97916
17868
66318
429969
54
882
4672
4362
8077
3074
46740
96001
20053
38134
71972
46284
11204
50649
85294
13552
65108
180279
45
319
1628
7833
6575
9889
59692
92086
50614
65136
83096
85076
26260
85267
37314
14785
44223
831395
48
517
3067
5050
5996
8620
16582
45761
88445
60741
52428
76668
94240
07056
75330
26302
48010
322068
23
114
0804
0893
0062
6564
93870
31775
61783
53805
47135
70439
02743
25203
08593
67076
51393
570849
18
769
6851
9411
0765
0597
41410
19297
01057
60448
78321
43906
21183
37216
73035
55159
34996
232474
41
606
8761
4794
2928
0303
85824
64495
38497
08048
56184
76178
94910
78901
29086
52442
60058
725918
19
549
5529
8242
4792
2602
05941
69691
75745
48374
71616
99894
58748
71056
98294
44374
17687
048784
00
468
8839
5085
8550
4069
94736
31660
11666
83889
91113
38165
49806
30763
59512
62163
14177
283598
08
152
4943
1132
3137
0799
77522
58226
75289
26868
45183
33743
73729
30075
14343
95425
19766
567739
02
564
8327
9437
1507
8331
78620
47754
06221
12233
33409
19617
37723
88228
69394
03167
27801
590423
38
609
5520
7249
9779
8880
38198
98984
70587
59600
39091
59611
41420
23901
43386
20812
70085
035285
92
765
3983
4176
5653
2421
79455
61089
17121
29877
13956
54720
90053
56656
62903
51822
84815
975043
72
371
8258
2917
6080
6556
75191
51051
17842
51858
83130
90296
14883
00037
65589
68698
96765
445200
00
827
8187
8337
3662
6027
30314
56275
54113
80009
35008
65897
37223
73036
40993
43879
97364
282578
56
522
6919
4952
8302
9445
32962
31637
49195
89512
85997
72470
79477
86698
94793
85929
25435
912389
66
364
4297
2441
5058
9400
38645
72292
69585
74954
93983
18315
49896
04045
61732
81053
80683
051036
55
723
3851
5499
8598
6681
24264
61014
02851
83458
73042
72327
05840
55646
46325
42099
12052
985175
37
018
6526
4135
8703
9181
76596
25167
62374
38156
18409
59742
06493
32827
53668
85044
96343
117429
35
115
4657
9076
7844
5221
00709
54322
06310
52186
66742
71720
82120
40767
56534
46775
76612
323574
44
627
6052
9569
0001
8684
78226
32353
99117
45671
75128
69303
60060
94274
36161
24898
91814
580743
99
152
0705
0115
7204
4291
15526
42882
72995
51028
54877
23580
20002
69205
05899
82752
15877
016366
14
461
7245
1524
0550
3444
64363
00085
96246
92861
11192
67912
59800
37305
22581
46272
91047
464318
09
053
8574
1729
2917
3705
10358
35718
10899
58178
88133
01554
24853
23949
38662
97859
45711
026654
91
598
2268
1648
0935
9768
58659
47342
42692
32958
83526
35717
86841
98871
08001
78002
61522
879834
11
718
8775
1542
4457
9139
18126
66847
87448
75395
16468
96606
50521
53453
82468
81667
10115
936525
62
455
1601
7957
4205
4086
32511
01994
45294
41928
31104
30250
25367
27317
76961
09195
26269
266549
